! SIMULATION SET UP

Material: 	bi12geo20

Nstep:		3500
Nx:			64
Ny:			64
Nz:			64

dt: 		2.0e-12
dx: 		9.3333333e-8
dy: 		9.3333333e-8
dz: 		9.3333333e-8

Nprocsx:	2
Nprocsy:	2
