! SIMULATION SET UP

Material: 	bi12geo20

Nstep:		128
Nx:			64
Ny:			64
Nz:			32

dt: 		2.0e-12
dx: 		9.3333333e-8
dy: 		9.3333333e-8
dz: 		9.3333333e-8

procs_x:	1
procs_y:	1	
