! SIMULATION SET UP

Material: 	bi12geo20

Nstep:		3500
Nx:			32
Ny:			32
Nz:			20

dt: 		2.0e-12
dx: 		9.3333333e-8
dy: 		9.3333333e-8
dz: 		9.3333333e-8

Nprocsx:	4
Nprocsy:	1
